   33.42654583     
   5.48640000000000     
  0.000000000000000E+000
          36
           1
           0
  3.000000000000000E-002
  0.100423533249709     
 -0.174532925199433     
              0.86610688980000006154E+02                0.00000000000000000000E+00                0.00000000000000000000E+00                0.00000000000000000000E+00                0.00000000000000000000E+00                0.00000000000000000000E+00
              0.00000000000000000000E+00                0.86610688980000006154E+02                0.00000000000000000000E+00                0.00000000000000000000E+00                0.00000000000000000000E+00                0.00000000000000000000E+00
              0.00000000000000000000E+00                0.00000000000000000000E+00                0.86610688980000006154E+02                0.00000000000000000000E+00                0.00000000000000000000E+00                0.00000000000000000000E+00
              0.00000000000000000000E+00                0.00000000000000000000E+00                0.00000000000000000000E+00                0.29900770000000000126E-01                0.00000000000000000000E+00                0.00000000000000000000E+00
              0.00000000000000000000E+00                0.00000000000000000000E+00                0.00000000000000000000E+00                0.00000000000000000000E+00                0.27306869999999998713E-02                0.00000000000000000000E+00
              0.00000000000000000000E+00                0.00000000000000000000E+00                0.00000000000000000000E+00                0.00000000000000000000E+00                0.00000000000000000000E+00                0.27170083000000001122E-01
              0.20999996168433940411E+10                0.00000000000000000000E+00                0.00000000000000000000E+00                0.00000000000000000000E+00
              0.00000000000000000000E+00                0.19759510000000000000E+07                0.00000000000000000000E+00                0.00000000000000000000E+00
              0.00000000000000000000E+00                0.00000000000000000000E+00                0.24663540000000000000E+07                0.00000000000000000000E+00
              0.00000000000000000000E+00                0.00000000000000000000E+00                0.00000000000000000000E+00                0.24663540000000000000E+07
           2
           0
  9.200000000000000E-002
  9.416517221426582E-002
 -0.174532925199433     
              0.17322137799999998720E+03                0.00000000000000000000E+00                0.00000000000000000000E+00                0.00000000000000000000E+00                0.00000000000000000000E+00                0.00000000000000000000E+00
              0.00000000000000000000E+00                0.17322137799999998720E+03                0.00000000000000000000E+00                0.00000000000000000000E+00                0.00000000000000000000E+00                0.00000000000000000000E+00
              0.00000000000000000000E+00                0.00000000000000000000E+00                0.17322137799999998720E+03                0.00000000000000000000E+00                0.00000000000000000000E+00                0.00000000000000000000E+00
              0.00000000000000000000E+00                0.00000000000000000000E+00                0.00000000000000000000E+00                0.27857816999999999996E-01                0.00000000000000000000E+00                0.00000000000000000000E+00
              0.00000000000000000000E+00                0.00000000000000000000E+00                0.00000000000000000000E+00                0.00000000000000000000E+00                0.24290039999999997987E-02                0.00000000000000000000E+00
              0.00000000000000000000E+00                0.00000000000000000000E+00                0.00000000000000000000E+00                0.00000000000000000000E+00                0.00000000000000000000E+00                0.25428813000000001499E-01
              0.20999996168433940411E+10                0.00000000000000000000E+00                0.00000000000000000000E+00                0.00000000000000000000E+00
              0.00000000000000000000E+00                0.19759510000000000000E+07                0.00000000000000000000E+00                0.00000000000000000000E+00
              0.00000000000000000000E+00                0.00000000000000000000E+00                0.24663540000000000000E+07                0.00000000000000000000E+00
              0.00000000000000000000E+00                0.00000000000000000000E+00                0.00000000000000000000E+00                0.24663540000000000000E+07
           3
           0
  9.300000000000000E-002
  9.406452612743349E-002
 -0.174532925199433     
              0.35715748030000000313E+02                0.00000000000000000000E+00                0.00000000000000000000E+00                0.00000000000000000000E+00                0.00000000000000000000E+00                0.00000000000000000000E+00
              0.00000000000000000000E+00                0.35715748030000000313E+02                0.00000000000000000000E+00                0.00000000000000000000E+00                0.00000000000000000000E+00                0.00000000000000000000E+00
              0.00000000000000000000E+00                0.00000000000000000000E+00                0.35715748030000000313E+02                0.00000000000000000000E+00                0.00000000000000000000E+00                0.00000000000000000000E+00
              0.00000000000000000000E+00                0.00000000000000000000E+00                0.00000000000000000000E+00                0.27825484000000001023E-01                0.00000000000000000000E+00                0.00000000000000000000E+00
              0.00000000000000000000E+00                0.00000000000000000000E+00                0.00000000000000000000E+00                0.00000000000000000000E+00                0.24242830000000001670E-02                0.00000000000000000000E+00
              0.00000000000000000000E+00                0.00000000000000000000E+00                0.00000000000000000000E+00                0.00000000000000000000E+00                0.00000000000000000000E+00                0.25401201000000001723E-01
              0.21000002069979808331E+10                0.00000000000000000000E+00                0.00000000000000000000E+00                0.00000000000000000000E+00
              0.00000000000000000000E+00                0.19759510000000000000E+07                0.00000000000000000000E+00                0.00000000000000000000E+00
              0.00000000000000000000E+00                0.00000000000000000000E+00                0.19214610000000000000E+07                0.00000000000000000000E+00
              0.00000000000000000000E+00                0.00000000000000000000E+00                0.00000000000000000000E+00                0.21365500000000000000E+07
           4
           0
  0.115000000000000     
  9.184856306559906E-002
 -0.174532925199433     
              0.35715748030000000313E+02                0.00000000000000000000E+00                0.00000000000000000000E+00                0.00000000000000000000E+00                0.00000000000000000000E+00                0.00000000000000000000E+00
              0.00000000000000000000E+00                0.35715748030000000313E+02                0.00000000000000000000E+00                0.00000000000000000000E+00                0.00000000000000000000E+00                0.00000000000000000000E+00
              0.00000000000000000000E+00                0.00000000000000000000E+00                0.35715748030000000313E+02                0.00000000000000000000E+00                0.00000000000000000000E+00                0.00000000000000000000E+00
              0.00000000000000000000E+00                0.00000000000000000000E+00                0.00000000000000000000E+00                0.27119100000000000150E-01                0.00000000000000000000E+00                0.00000000000000000000E+00
              0.00000000000000000000E+00                0.00000000000000000000E+00                0.00000000000000000000E+00                0.00000000000000000000E+00                0.23215789999999998303E-02                0.00000000000000000000E+00
              0.00000000000000000000E+00                0.00000000000000000000E+00                0.00000000000000000000E+00                0.00000000000000000000E+00                0.00000000000000000000E+00                0.24797520999999999453E-01
              0.20999994815892915726E+10                0.00000000000000000000E+00                0.00000000000000000000E+00                0.00000000000000000000E+00
              0.00000000000000000000E+00                0.18124830000000000000E+07                0.00000000000000000000E+00                0.00000000000000000000E+00
              0.00000000000000000000E+00                0.00000000000000000000E+00                0.11041230000000000000E+07                0.00000000000000000000E+00
              0.00000000000000000000E+00                0.00000000000000000000E+00                0.00000000000000000000E+00                0.21365500000000000000E+07
           5
           0
  0.116000000000000     
  9.174770507834223E-002
 -0.174532925199433     
              0.28572598429999999325E+02                0.00000000000000000000E+00                0.00000000000000000000E+00                0.00000000000000000000E+00                0.00000000000000000000E+00                0.00000000000000000000E+00
              0.00000000000000000000E+00                0.28572598429999999325E+02                0.00000000000000000000E+00                0.00000000000000000000E+00                0.00000000000000000000E+00                0.00000000000000000000E+00
              0.00000000000000000000E+00                0.00000000000000000000E+00                0.28572598429999999325E+02                0.00000000000000000000E+00                0.00000000000000000000E+00                0.00000000000000000000E+00
              0.00000000000000000000E+00                0.00000000000000000000E+00                0.00000000000000000000E+00                0.27087215999999997296E-01                0.00000000000000000000E+00                0.00000000000000000000E+00
              0.00000000000000000000E+00                0.00000000000000000000E+00                0.00000000000000000000E+00                0.00000000000000000000E+00                0.23169630000000000086E-02                0.00000000000000000000E+00
              0.00000000000000000000E+00                0.00000000000000000000E+00                0.00000000000000000000E+00                0.00000000000000000000E+00                0.00000000000000000000E+00                0.24770252999999999022E-01
              0.21000003894975869656E+10                0.00000000000000000000E+00                0.00000000000000000000E+00                0.00000000000000000000E+00
              0.00000000000000000000E+00                0.18124830000000000000E+07                0.00000000000000000000E+00                0.00000000000000000000E+00
              0.00000000000000000000E+00                0.00000000000000000000E+00                0.11041230000000000000E+07                0.00000000000000000000E+00
              0.00000000000000000000E+00                0.00000000000000000000E+00                0.00000000000000000000E+00                0.15916580000000000000E+07
           6
           0
  0.125000000000000     
  9.083918906822119E-002
 -0.174532925199433     
              0.28572598429999999325E+02                0.00000000000000000000E+00                0.00000000000000000000E+00                0.00000000000000000000E+00                0.00000000000000000000E+00                0.00000000000000000000E+00
              0.00000000000000000000E+00                0.28572598429999999325E+02                0.00000000000000000000E+00                0.00000000000000000000E+00                0.00000000000000000000E+00                0.00000000000000000000E+00
              0.00000000000000000000E+00                0.00000000000000000000E+00                0.28572598429999999325E+02                0.00000000000000000000E+00                0.00000000000000000000E+00                0.00000000000000000000E+00
              0.00000000000000000000E+00                0.00000000000000000000E+00                0.00000000000000000000E+00                0.26801151000000002222E-01                0.00000000000000000000E+00                0.00000000000000000000E+00
              0.00000000000000000000E+00                0.00000000000000000000E+00                0.00000000000000000000E+00                0.00000000000000000000E+00                0.22756299999999998404E-02                0.00000000000000000000E+00
              0.00000000000000000000E+00                0.00000000000000000000E+00                0.00000000000000000000E+00                0.00000000000000000000E+00                0.00000000000000000000E+00                0.24525521000000001515E-01
              0.21000003894975869656E+10                0.00000000000000000000E+00                0.00000000000000000000E+00                0.00000000000000000000E+00
              0.00000000000000000000E+00                0.18124830000000000000E+07                0.00000000000000000000E+00                0.00000000000000000000E+00
              0.00000000000000000000E+00                0.00000000000000000000E+00                0.11041230000000000000E+07                0.00000000000000000000E+00
              0.00000000000000000000E+00                0.00000000000000000000E+00                0.00000000000000000000E+00                0.15916580000000000000E+07
           7
           0
  0.139000000000000     
  8.942236073130216E-002
 -0.174532925199433     
              0.28572598429999999325E+02                0.00000000000000000000E+00                0.00000000000000000000E+00                0.00000000000000000000E+00                0.00000000000000000000E+00                0.00000000000000000000E+00
              0.00000000000000000000E+00                0.28572598429999999325E+02                0.00000000000000000000E+00                0.00000000000000000000E+00                0.00000000000000000000E+00                0.00000000000000000000E+00
              0.00000000000000000000E+00                0.00000000000000000000E+00                0.28572598429999999325E+02                0.00000000000000000000E+00                0.00000000000000000000E+00                0.00000000000000000000E+00
              0.00000000000000000000E+00                0.00000000000000000000E+00                0.00000000000000000000E+00                0.26359314000000001743E-01                0.00000000000000000000E+00                0.00000000000000000000E+00
              0.00000000000000000000E+00                0.00000000000000000000E+00                0.00000000000000000000E+00                0.00000000000000000000E+00                0.22120730000000001642E-02                0.00000000000000000000E+00
              0.00000000000000000000E+00                0.00000000000000000000E+00                0.00000000000000000000E+00                0.00000000000000000000E+00                0.00000000000000000000E+00                0.24147240999999999844E-01
              0.21000003894975869656E+10                0.00000000000000000000E+00                0.00000000000000000000E+00                0.00000000000000000000E+00
              0.00000000000000000000E+00                0.13048730000000000000E+07                0.00000000000000000000E+00                0.00000000000000000000E+00
              0.00000000000000000000E+00                0.00000000000000000000E+00                0.11041230000000000000E+07                0.00000000000000000000E+00
              0.00000000000000000000E+00                0.00000000000000000000E+00                0.00000000000000000000E+00                0.15916580000000000000E+07
           8
           0
  0.144000000000000     
  8.891503919301395E-002
 -0.174532925199433     
              0.28572598429999999325E+02                0.00000000000000000000E+00                0.00000000000000000000E+00                0.00000000000000000000E+00                0.00000000000000000000E+00                0.00000000000000000000E+00
              0.00000000000000000000E+00                0.28572598429999999325E+02                0.00000000000000000000E+00                0.00000000000000000000E+00                0.00000000000000000000E+00                0.00000000000000000000E+00
              0.00000000000000000000E+00                0.00000000000000000000E+00                0.28572598429999999325E+02                0.00000000000000000000E+00                0.00000000000000000000E+00                0.00000000000000000000E+00
              0.00000000000000000000E+00                0.00000000000000000000E+00                0.00000000000000000000E+00                0.26202446000000000764E-01                0.00000000000000000000E+00                0.00000000000000000000E+00
              0.00000000000000000000E+00                0.00000000000000000000E+00                0.00000000000000000000E+00                0.00000000000000000000E+00                0.21895930000000000948E-02                0.00000000000000000000E+00
              0.00000000000000000000E+00                0.00000000000000000000E+00                0.00000000000000000000E+00                0.00000000000000000000E+00                0.00000000000000000000E+00                0.24012853000000000669E-01
              0.21000003894975869656E+10                0.00000000000000000000E+00                0.00000000000000000000E+00                0.00000000000000000000E+00
              0.00000000000000000000E+00                0.13048730000000000000E+07                0.00000000000000000000E+00                0.00000000000000000000E+00
              0.00000000000000000000E+00                0.00000000000000000000E+00                0.11041230000000000000E+07                0.00000000000000000000E+00
              0.00000000000000000000E+00                0.00000000000000000000E+00                0.00000000000000000000E+00                0.15916580000000000000E+07
           9
           0
  0.162000000000000     
  8.708149906330834E-002
 -0.174532925199433     
              0.28572598429999999325E+02                0.00000000000000000000E+00                0.00000000000000000000E+00                0.00000000000000000000E+00                0.00000000000000000000E+00                0.00000000000000000000E+00
              0.00000000000000000000E+00                0.28572598429999999325E+02                0.00000000000000000000E+00                0.00000000000000000000E+00                0.00000000000000000000E+00                0.00000000000000000000E+00
              0.00000000000000000000E+00                0.00000000000000000000E+00                0.28572598429999999325E+02                0.00000000000000000000E+00                0.00000000000000000000E+00                0.00000000000000000000E+00
              0.00000000000000000000E+00                0.00000000000000000000E+00                0.00000000000000000000E+00                0.25641775999999998070E-01                0.00000000000000000000E+00                0.00000000000000000000E+00
              0.00000000000000000000E+00                0.00000000000000000000E+00                0.00000000000000000000E+00                0.00000000000000000000E+00                0.21096130000000001999E-02                0.00000000000000000000E+00
              0.00000000000000000000E+00                0.00000000000000000000E+00                0.00000000000000000000E+00                0.00000000000000000000E+00                0.00000000000000000000E+00                0.23532162999999998304E-01
              0.20999994294115521908E+10                0.00000000000000000000E+00                0.00000000000000000000E+00                0.00000000000000000000E+00
              0.00000000000000000000E+00                0.13048730000000000000E+07                0.00000000000000000000E+00                0.00000000000000000000E+00
              0.00000000000000000000E+00                0.00000000000000000000E+00                0.11041230000000000000E+07                0.00000000000000000000E+00
              0.00000000000000000000E+00                0.00000000000000000000E+00                0.00000000000000000000E+00                0.11041230000000000000E+07
          10
           0
  0.173000000000000     
  8.595442878782227E-002
 -0.174532925199433     
              0.28572598429999999325E+02                0.00000000000000000000E+00                0.00000000000000000000E+00                0.00000000000000000000E+00                0.00000000000000000000E+00                0.00000000000000000000E+00
              0.00000000000000000000E+00                0.28572598429999999325E+02                0.00000000000000000000E+00                0.00000000000000000000E+00                0.00000000000000000000E+00                0.00000000000000000000E+00
              0.00000000000000000000E+00                0.00000000000000000000E+00                0.28572598429999999325E+02                0.00000000000000000000E+00                0.00000000000000000000E+00                0.00000000000000000000E+00
              0.00000000000000000000E+00                0.00000000000000000000E+00                0.00000000000000000000E+00                0.25302269999999998235E-01                0.00000000000000000000E+00                0.00000000000000000000E+00
              0.00000000000000000000E+00                0.00000000000000000000E+00                0.00000000000000000000E+00                0.00000000000000000000E+00                0.20614689999999998016E-02                0.00000000000000000000E+00
              0.00000000000000000000E+00                0.00000000000000000000E+00                0.00000000000000000000E+00                0.00000000000000000000E+00                0.00000000000000000000E+00                0.23240800999999998433E-01
              0.20999994294115521908E+10                0.00000000000000000000E+00                0.00000000000000000000E+00                0.00000000000000000000E+00
              0.00000000000000000000E+00                0.13048730000000000000E+07                0.00000000000000000000E+00                0.00000000000000000000E+00
              0.00000000000000000000E+00                0.00000000000000000000E+00                0.11041230000000000000E+07                0.00000000000000000000E+00
              0.00000000000000000000E+00                0.00000000000000000000E+00                0.00000000000000000000E+00                0.11041230000000000000E+07
          11
           0
  0.202000000000000     
  8.295271214374152E-002
 -0.174532925199433     
              0.20983001970000000114E+02                0.00000000000000000000E+00                0.00000000000000000000E+00                0.00000000000000000000E+00                0.00000000000000000000E+00                0.00000000000000000000E+00
              0.00000000000000000000E+00                0.20983001970000000114E+02                0.00000000000000000000E+00                0.00000000000000000000E+00                0.00000000000000000000E+00                0.00000000000000000000E+00
              0.00000000000000000000E+00                0.00000000000000000000E+00                0.20983001970000000114E+02                0.00000000000000000000E+00                0.00000000000000000000E+00                0.00000000000000000000E+00
              0.00000000000000000000E+00                0.00000000000000000000E+00                0.00000000000000000000E+00                0.24418571000000000026E-01                0.00000000000000000000E+00                0.00000000000000000000E+00
              0.00000000000000000000E+00                0.00000000000000000000E+00                0.00000000000000000000E+00                0.00000000000000000000E+00                0.19372079999999999422E-02                0.00000000000000000000E+00
              0.00000000000000000000E+00                0.00000000000000000000E+00                0.00000000000000000000E+00                0.00000000000000000000E+00                0.00000000000000000000E+00                0.22481363000000000735E-01
              0.20999994294115521908E+10                0.00000000000000000000E+00                0.00000000000000000000E+00                0.00000000000000000000E+00
              0.00000000000000000000E+00                0.79582900000000000000E+06                0.00000000000000000000E+00                0.00000000000000000000E+00
              0.00000000000000000000E+00                0.00000000000000000000E+00                0.11041230000000000000E+07                0.00000000000000000000E+00
              0.00000000000000000000E+00                0.00000000000000000000E+00                0.00000000000000000000E+00                0.11041230000000000000E+07
          12
           0
  0.231000000000000     
  7.989586950212932E-002
 -0.174532925199433     
              0.20983001970000000114E+02                0.00000000000000000000E+00                0.00000000000000000000E+00                0.00000000000000000000E+00                0.00000000000000000000E+00                0.00000000000000000000E+00
              0.00000000000000000000E+00                0.20983001970000000114E+02                0.00000000000000000000E+00                0.00000000000000000000E+00                0.00000000000000000000E+00                0.00000000000000000000E+00
              0.00000000000000000000E+00                0.00000000000000000000E+00                0.20983001970000000114E+02                0.00000000000000000000E+00                0.00000000000000000000E+00                0.00000000000000000000E+00
              0.00000000000000000000E+00                0.00000000000000000000E+00                0.00000000000000000000E+00                0.23551349999999998674E-01                0.00000000000000000000E+00                0.00000000000000000000E+00
              0.00000000000000000000E+00                0.00000000000000000000E+00                0.00000000000000000000E+00                0.00000000000000000000E+00                0.18168089999999999587E-02                0.00000000000000000000E+00
              0.00000000000000000000E+00                0.00000000000000000000E+00                0.00000000000000000000E+00                0.00000000000000000000E+00                0.00000000000000000000E+00                0.21734540999999999583E-01
              0.20999998852264654636E+10                0.00000000000000000000E+00                0.00000000000000000000E+00                0.00000000000000000000E+00
              0.00000000000000000000E+00                0.79582900000000000000E+06                0.00000000000000000000E+00                0.00000000000000000000E+00
              0.00000000000000000000E+00                0.00000000000000000000E+00                0.69688800000000000000E+06                0.00000000000000000000E+00
              0.00000000000000000000E+00                0.00000000000000000000E+00                0.00000000000000000000E+00                0.11328020000000000000E+07
          13
           0
  0.259000000000000     
  7.687897781361443E-002
 -0.174532925199433     
              0.20983001970000000114E+02                0.00000000000000000000E+00                0.00000000000000000000E+00                0.00000000000000000000E+00                0.00000000000000000000E+00                0.00000000000000000000E+00
              0.00000000000000000000E+00                0.20983001970000000114E+02                0.00000000000000000000E+00                0.00000000000000000000E+00                0.00000000000000000000E+00                0.00000000000000000000E+00
              0.00000000000000000000E+00                0.00000000000000000000E+00                0.20983001970000000114E+02                0.00000000000000000000E+00                0.00000000000000000000E+00                0.00000000000000000000E+00
              0.00000000000000000000E+00                0.00000000000000000000E+00                0.00000000000000000000E+00                0.22729666999999998539E-01                0.00000000000000000000E+00                0.00000000000000000000E+00
              0.00000000000000000000E+00                0.00000000000000000000E+00                0.00000000000000000000E+00                0.00000000000000000000E+00                0.17042260000000000915E-02                0.00000000000000000000E+00
              0.00000000000000000000E+00                0.00000000000000000000E+00                0.00000000000000000000E+00                0.00000000000000000000E+00                0.00000000000000000000E+00                0.21025440999999998881E-01
              0.20999998852264654636E+10                0.00000000000000000000E+00                0.00000000000000000000E+00                0.00000000000000000000E+00
              0.00000000000000000000E+00                0.54489200000000000000E+06                0.00000000000000000000E+00                0.00000000000000000000E+00
              0.00000000000000000000E+00                0.00000000000000000000E+00                0.69688800000000000000E+06                0.00000000000000000000E+00
              0.00000000000000000000E+00                0.00000000000000000000E+00                0.00000000000000000000E+00                0.11328020000000000000E+07
          14
           0
  0.288000000000000     
  7.367292517656011E-002
 -0.174532925199433     
              0.20983001970000000114E+02                0.00000000000000000000E+00                0.00000000000000000000E+00                0.00000000000000000000E+00                0.00000000000000000000E+00                0.00000000000000000000E+00
              0.00000000000000000000E+00                0.20983001970000000114E+02                0.00000000000000000000E+00                0.00000000000000000000E+00                0.00000000000000000000E+00                0.00000000000000000000E+00
              0.00000000000000000000E+00                0.00000000000000000000E+00                0.20983001970000000114E+02                0.00000000000000000000E+00                0.00000000000000000000E+00                0.00000000000000000000E+00
              0.00000000000000000000E+00                0.00000000000000000000E+00                0.00000000000000000000E+00                0.21894831999999999489E-01                0.00000000000000000000E+00                0.00000000000000000000E+00
              0.00000000000000000000E+00                0.00000000000000000000E+00                0.00000000000000000000E+00                0.00000000000000000000E+00                0.15914189999999999500E-02                0.00000000000000000000E+00
              0.00000000000000000000E+00                0.00000000000000000000E+00                0.00000000000000000000E+00                0.00000000000000000000E+00                0.00000000000000000000E+00                0.20303412999999999322E-01
              0.21000002634011940956E+10                0.00000000000000000000E+00                0.00000000000000000000E+00                0.00000000000000000000E+00
              0.00000000000000000000E+00                0.54489200000000000000E+06                0.00000000000000000000E+00                0.00000000000000000000E+00
              0.00000000000000000000E+00                0.00000000000000000000E+00                0.46172400000000000000E+06                0.00000000000000000000E+00
              0.00000000000000000000E+00                0.00000000000000000000E+00                0.00000000000000000000E+00                0.11328020000000000000E+07
          15
           0
  0.345000000000000     
  6.707639713885881E-002
 -0.174532925199433     
              0.14554167319999999464E+02                0.00000000000000000000E+00                0.00000000000000000000E+00                0.00000000000000000000E+00                0.00000000000000000000E+00                0.00000000000000000000E+00
              0.00000000000000000000E+00                0.14554167319999999464E+02                0.00000000000000000000E+00                0.00000000000000000000E+00                0.00000000000000000000E+00                0.00000000000000000000E+00
              0.00000000000000000000E+00                0.00000000000000000000E+00                0.14554167319999999464E+02                0.00000000000000000000E+00                0.00000000000000000000E+00                0.00000000000000000000E+00
              0.00000000000000000000E+00                0.00000000000000000000E+00                0.00000000000000000000E+00                0.20301972000000001461E-01                0.00000000000000000000E+00                0.00000000000000000000E+00
              0.00000000000000000000E+00                0.00000000000000000000E+00                0.00000000000000000000E+00                0.00000000000000000000E+00                0.13809510000000000535E-02                0.00000000000000000000E+00
              0.00000000000000000000E+00                0.00000000000000000000E+00                0.00000000000000000000E+00                0.00000000000000000000E+00                0.00000000000000000000E+00                0.18921020999999999673E-01
              0.20999998379966013432E+10                0.00000000000000000000E+00                0.00000000000000000000E+00                0.00000000000000000000E+00
              0.00000000000000000000E+00                0.39002800000000000000E+06                0.00000000000000000000E+00                0.00000000000000000000E+00
              0.00000000000000000000E+00                0.00000000000000000000E+00                0.46172400000000000000E+06                0.00000000000000000000E+00
              0.00000000000000000000E+00                0.00000000000000000000E+00                0.00000000000000000000E+00                0.83454500000000000000E+06
          16
           0
  0.400000000000000     
  6.025743657456817E-002
 -0.174532925199433     
              0.14554167319999999464E+02                0.00000000000000000000E+00                0.00000000000000000000E+00                0.00000000000000000000E+00                0.00000000000000000000E+00                0.00000000000000000000E+00
              0.00000000000000000000E+00                0.14554167319999999464E+02                0.00000000000000000000E+00                0.00000000000000000000E+00                0.00000000000000000000E+00                0.00000000000000000000E+00
              0.00000000000000000000E+00                0.00000000000000000000E+00                0.14554167319999999464E+02                0.00000000000000000000E+00                0.00000000000000000000E+00                0.00000000000000000000E+00
              0.00000000000000000000E+00                0.00000000000000000000E+00                0.00000000000000000000E+00                0.18825345999999999747E-01                0.00000000000000000000E+00                0.00000000000000000000E+00
              0.00000000000000000000E+00                0.00000000000000000000E+00                0.00000000000000000000E+00                0.00000000000000000000E+00                0.11920130000000000135E-02                0.00000000000000000000E+00
              0.00000000000000000000E+00                0.00000000000000000000E+00                0.00000000000000000000E+00                0.00000000000000000000E+00                0.00000000000000000000E+00                0.17633333000000001034E-01
              0.20999983606228902340E+10                0.00000000000000000000E+00                0.00000000000000000000E+00                0.00000000000000000000E+00
              0.00000000000000000000E+00                0.26527600000000000000E+06                0.00000000000000000000E+00                0.00000000000000000000E+00
              0.00000000000000000000E+00                0.00000000000000000000E+00                0.31833100000000000000E+06                0.00000000000000000000E+00
              0.00000000000000000000E+00                0.00000000000000000000E+00                0.00000000000000000000E+00                0.83454500000000000000E+06
          17
           0
  0.403000000000000     
  5.987075528341056E-002
 -0.174532925199433     
              0.14554167319999999464E+02                0.00000000000000000000E+00                0.00000000000000000000E+00                0.00000000000000000000E+00                0.00000000000000000000E+00                0.00000000000000000000E+00
              0.00000000000000000000E+00                0.14554167319999999464E+02                0.00000000000000000000E+00                0.00000000000000000000E+00                0.00000000000000000000E+00                0.00000000000000000000E+00
              0.00000000000000000000E+00                0.00000000000000000000E+00                0.14554167319999999464E+02                0.00000000000000000000E+00                0.00000000000000000000E+00                0.00000000000000000000E+00
              0.00000000000000000000E+00                0.00000000000000000000E+00                0.00000000000000000000E+00                0.18746508000000002003E-01                0.00000000000000000000E+00                0.00000000000000000000E+00
              0.00000000000000000000E+00                0.00000000000000000000E+00                0.00000000000000000000E+00                0.00000000000000000000E+00                0.11821069999999999495E-02                0.00000000000000000000E+00
              0.00000000000000000000E+00                0.00000000000000000000E+00                0.00000000000000000000E+00                0.00000000000000000000E+00                0.00000000000000000000E+00                0.17564401000000000319E-01
              0.20999983606228902340E+10                0.00000000000000000000E+00                0.00000000000000000000E+00                0.00000000000000000000E+00
              0.00000000000000000000E+00                0.26527600000000000000E+06                0.00000000000000000000E+00                0.00000000000000000000E+00
              0.00000000000000000000E+00                0.00000000000000000000E+00                0.31833100000000000000E+06                0.00000000000000000000E+00
              0.00000000000000000000E+00                0.00000000000000000000E+00                0.00000000000000000000E+00                0.83454500000000000000E+06
          18
           0
  0.463000000000000     
  5.177422564471216E-002
 -0.174532925199433     
              0.98218307090000003257E+01                0.00000000000000000000E+00                0.00000000000000000000E+00                0.00000000000000000000E+00                0.00000000000000000000E+00                0.00000000000000000000E+00
              0.00000000000000000000E+00                0.98218307090000003257E+01                0.00000000000000000000E+00                0.00000000000000000000E+00                0.00000000000000000000E+00                0.00000000000000000000E+00
              0.00000000000000000000E+00                0.00000000000000000000E+00                0.98218307090000003257E+01                0.00000000000000000000E+00                0.00000000000000000000E+00                0.00000000000000000000E+00
              0.00000000000000000000E+00                0.00000000000000000000E+00                0.00000000000000000000E+00                0.17206766000000001809E-01                0.00000000000000000000E+00                0.00000000000000000000E+00
              0.00000000000000000000E+00                0.00000000000000000000E+00                0.00000000000000000000E+00                0.00000000000000000000E+00                0.99266499999999999702E-03                0.00000000000000000000E+00
              0.00000000000000000000E+00                0.00000000000000000000E+00                0.00000000000000000000E+00                0.00000000000000000000E+00                0.00000000000000000000E+00                0.16214101000000001596E-01
              0.21000007178974220753E+10                0.00000000000000000000E+00                0.00000000000000000000E+00                0.00000000000000000000E+00
              0.00000000000000000000E+00                0.17278800000000000000E+06                0.00000000000000000000E+00                0.00000000000000000000E+00
              0.00000000000000000000E+00                0.00000000000000000000E+00                0.21222100000000000000E+06                0.00000000000000000000E+00
              0.00000000000000000000E+00                0.00000000000000000000E+00                0.00000000000000000000E+00                0.66534200000000000000E+06
          19
           0
  0.518000000000000     
  4.367366211378007E-002
 -0.174532925199433     
              0.98218307090000003257E+01                0.00000000000000000000E+00                0.00000000000000000000E+00                0.00000000000000000000E+00                0.00000000000000000000E+00                0.00000000000000000000E+00
              0.00000000000000000000E+00                0.98218307090000003257E+01                0.00000000000000000000E+00                0.00000000000000000000E+00                0.00000000000000000000E+00                0.00000000000000000000E+00
              0.00000000000000000000E+00                0.00000000000000000000E+00                0.98218307090000003257E+01                0.00000000000000000000E+00                0.00000000000000000000E+00                0.00000000000000000000E+00
              0.00000000000000000000E+00                0.00000000000000000000E+00                0.00000000000000000000E+00                0.15857295999999999891E-01                0.00000000000000000000E+00                0.00000000000000000000E+00
              0.00000000000000000000E+00                0.00000000000000000000E+00                0.00000000000000000000E+00                0.00000000000000000000E+00                0.83353300000000001696E-03                0.00000000000000000000E+00
              0.00000000000000000000E+00                0.00000000000000000000E+00                0.00000000000000000000E+00                0.00000000000000000000E+00                0.00000000000000000000E+00                0.15023763000000000742E-01
              0.21000007178974220753E+10                0.00000000000000000000E+00                0.00000000000000000000E+00                0.00000000000000000000E+00
              0.00000000000000000000E+00                0.11112900000000000000E+06                0.00000000000000000000E+00                0.00000000000000000000E+00
              0.00000000000000000000E+00                0.00000000000000000000E+00                0.21222100000000000000E+06                0.00000000000000000000E+00
              0.00000000000000000000E+00                0.00000000000000000000E+00                0.00000000000000000000E+00                0.66534200000000000000E+06
          20
           0
  0.521000000000000     
  4.321117391263866E-002
 -0.174532925199433     
              0.98218307090000003257E+01                0.00000000000000000000E+00                0.00000000000000000000E+00                0.00000000000000000000E+00                0.00000000000000000000E+00                0.00000000000000000000E+00
              0.00000000000000000000E+00                0.98218307090000003257E+01                0.00000000000000000000E+00                0.00000000000000000000E+00                0.00000000000000000000E+00                0.00000000000000000000E+00
              0.00000000000000000000E+00                0.00000000000000000000E+00                0.98218307090000003257E+01                0.00000000000000000000E+00                0.00000000000000000000E+00                0.00000000000000000000E+00
              0.00000000000000000000E+00                0.00000000000000000000E+00                0.00000000000000000000E+00                0.15785394000000001202E-01                0.00000000000000000000E+00                0.00000000000000000000E+00
              0.00000000000000000000E+00                0.00000000000000000000E+00                0.00000000000000000000E+00                0.00000000000000000000E+00                0.82525299999999996749E-03                0.00000000000000000000E+00
              0.00000000000000000000E+00                0.00000000000000000000E+00                0.00000000000000000000E+00                0.00000000000000000000E+00                0.00000000000000000000E+00                0.14960140999999999717E-01
              0.20999999999999997616E+10                0.00000000000000000000E+00                0.00000000000000000000E+00                0.00000000000000000000E+00
              0.00000000000000000000E+00                0.11112900000000000000E+06                0.00000000000000000000E+00                0.00000000000000000000E+00
              0.00000000000000000000E+00                0.00000000000000000000E+00                0.11471400000000000000E+06                0.00000000000000000000E+00
              0.00000000000000000000E+00                0.00000000000000000000E+00                0.00000000000000000000E+00                0.51047700000000000000E+06
          21
           0
  0.576000000000000     
  3.431930138154458E-002
 -0.174532925199433     
              0.98218307090000003257E+01                0.00000000000000000000E+00                0.00000000000000000000E+00                0.00000000000000000000E+00                0.00000000000000000000E+00                0.00000000000000000000E+00
              0.00000000000000000000E+00                0.98218307090000003257E+01                0.00000000000000000000E+00                0.00000000000000000000E+00                0.00000000000000000000E+00                0.00000000000000000000E+00
              0.00000000000000000000E+00                0.00000000000000000000E+00                0.98218307090000003257E+01                0.00000000000000000000E+00                0.00000000000000000000E+00                0.00000000000000000000E+00
              0.00000000000000000000E+00                0.00000000000000000000E+00                0.00000000000000000000E+00                0.14498424999999998813E-01                0.00000000000000000000E+00                0.00000000000000000000E+00
              0.00000000000000000000E+00                0.00000000000000000000E+00                0.00000000000000000000E+00                0.00000000000000000000E+00                0.68077199999999995269E-03                0.00000000000000000000E+00
              0.00000000000000000000E+00                0.00000000000000000000E+00                0.00000000000000000000E+00                0.00000000000000000000E+00                0.00000000000000000000E+00                0.13817652999999999186E-01
              0.20999999999999997616E+10                0.00000000000000000000E+00                0.00000000000000000000E+00                0.00000000000000000000E+00
              0.00000000000000000000E+00                0.70692000000000000000E+05                0.00000000000000000000E+00                0.00000000000000000000E+00
              0.00000000000000000000E+00                0.00000000000000000000E+00                0.11471400000000000000E+06                0.00000000000000000000E+00
              0.00000000000000000000E+00                0.00000000000000000000E+00                0.00000000000000000000E+00                0.51047700000000000000E+06
          22
           0
  0.600000000000000     
  3.017889301262042E-002
 -0.174532925199433     
              0.62502559059999995839E+01                0.00000000000000000000E+00                0.00000000000000000000E+00                0.00000000000000000000E+00                0.00000000000000000000E+00                0.00000000000000000000E+00
              0.00000000000000000000E+00                0.62502559059999995839E+01                0.00000000000000000000E+00                0.00000000000000000000E+00                0.00000000000000000000E+00                0.00000000000000000000E+00
              0.00000000000000000000E+00                0.00000000000000000000E+00                0.62502559059999995839E+01                0.00000000000000000000E+00                0.00000000000000000000E+00                0.00000000000000000000E+00
              0.00000000000000000000E+00                0.00000000000000000000E+00                0.00000000000000000000E+00                0.13955412999999999846E-01                0.00000000000000000000E+00                0.00000000000000000000E+00
              0.00000000000000000000E+00                0.00000000000000000000E+00                0.00000000000000000000E+00                0.00000000000000000000E+00                0.62208000000000000709E-03                0.00000000000000000000E+00
              0.00000000000000000000E+00                0.00000000000000000000E+00                0.00000000000000000000E+00                0.00000000000000000000E+00                0.00000000000000000000E+00                0.13333332999999999297E-01
              0.20999999999999997616E+10                0.00000000000000000000E+00                0.00000000000000000000E+00                0.00000000000000000000E+00
              0.00000000000000000000E+00                0.70692000000000000000E+05                0.00000000000000000000E+00                0.00000000000000000000E+00
              0.00000000000000000000E+00                0.00000000000000000000E+00                0.11471400000000000000E+06                0.00000000000000000000E+00
              0.00000000000000000000E+00                0.00000000000000000000E+00                0.00000000000000000000E+00                0.51047700000000000000E+06
          23
           0
  0.634000000000000     
  2.402121213283688E-002
 -0.174532925199433     
              0.62502559059999995839E+01                0.00000000000000000000E+00                0.00000000000000000000E+00                0.00000000000000000000E+00                0.00000000000000000000E+00                0.00000000000000000000E+00
              0.00000000000000000000E+00                0.62502559059999995839E+01                0.00000000000000000000E+00                0.00000000000000000000E+00                0.00000000000000000000E+00                0.00000000000000000000E+00
              0.00000000000000000000E+00                0.00000000000000000000E+00                0.62502559059999995839E+01                0.00000000000000000000E+00                0.00000000000000000000E+00                0.00000000000000000000E+00
              0.00000000000000000000E+00                0.00000000000000000000E+00                0.00000000000000000000E+00                0.13205464000000000091E-01                0.00000000000000000000E+00                0.00000000000000000000E+00
              0.00000000000000000000E+00                0.00000000000000000000E+00                0.00000000000000000000E+00                0.00000000000000000000E+00                0.54346099999999996581E-03                0.00000000000000000000E+00
              0.00000000000000000000E+00                0.00000000000000000000E+00                0.00000000000000000000E+00                0.00000000000000000000E+00                0.00000000000000000000E+00                0.12662002999999999800E-01
              0.20999999999999997616E+10                0.00000000000000000000E+00                0.00000000000000000000E+00                0.00000000000000000000E+00
              0.00000000000000000000E+00                0.70692000000000000000E+05                0.00000000000000000000E+00                0.00000000000000000000E+00
              0.00000000000000000000E+00                0.00000000000000000000E+00                0.11471400000000000000E+06                0.00000000000000000000E+00
              0.00000000000000000000E+00                0.00000000000000000000E+00                0.00000000000000000000E+00                0.51047700000000000000E+06
          24
           0
  0.691000000000000     
  1.287256829853579E-002
 -0.174532925199433     
              0.62502559059999995839E+01                0.00000000000000000000E+00                0.00000000000000000000E+00                0.00000000000000000000E+00                0.00000000000000000000E+00                0.00000000000000000000E+00
              0.00000000000000000000E+00                0.62502559059999995839E+01                0.00000000000000000000E+00                0.00000000000000000000E+00                0.00000000000000000000E+00                0.00000000000000000000E+00
              0.00000000000000000000E+00                0.00000000000000000000E+00                0.62502559059999995839E+01                0.00000000000000000000E+00                0.00000000000000000000E+00                0.00000000000000000000E+00
              0.00000000000000000000E+00                0.00000000000000000000E+00                0.00000000000000000000E+00                0.11999011000000000399E-01                0.00000000000000000000E+00                0.00000000000000000000E+00
              0.00000000000000000000E+00                0.00000000000000000000E+00                0.00000000000000000000E+00                0.00000000000000000000E+00                0.42357000000000001204E-03                0.00000000000000000000E+00
              0.00000000000000000000E+00                0.00000000000000000000E+00                0.00000000000000000000E+00                0.00000000000000000000E+00                0.00000000000000000000E+00                0.11575441000000000549E-01
              0.21000007322574033737E+10                0.00000000000000000000E+00                0.00000000000000000000E+00                0.00000000000000000000E+00
              0.00000000000000000000E+00                0.70692000000000000000E+05                0.00000000000000000000E+00                0.00000000000000000000E+00
              0.00000000000000000000E+00                0.00000000000000000000E+00                0.63092000000000000000E+05                0.00000000000000000000E+00
              0.00000000000000000000E+00                0.00000000000000000000E+00                0.00000000000000000000E+00                0.51047700000000000000E+06
          25
           0
  0.694000000000000     
  1.225553086051773E-002
 -0.174532925199433     
              0.62502559059999995839E+01                0.00000000000000000000E+00                0.00000000000000000000E+00                0.00000000000000000000E+00                0.00000000000000000000E+00                0.00000000000000000000E+00
              0.00000000000000000000E+00                0.62502559059999995839E+01                0.00000000000000000000E+00                0.00000000000000000000E+00                0.00000000000000000000E+00                0.00000000000000000000E+00
              0.00000000000000000000E+00                0.00000000000000000000E+00                0.62502559059999995839E+01                0.00000000000000000000E+00                0.00000000000000000000E+00                0.00000000000000000000E+00
              0.00000000000000000000E+00                0.00000000000000000000E+00                0.00000000000000000000E+00                0.11937276000000000137E-01                0.00000000000000000000E+00                0.00000000000000000000E+00
              0.00000000000000000000E+00                0.00000000000000000000E+00                0.00000000000000000000E+00                0.00000000000000000000E+00                0.41767300000000002428E-03                0.00000000000000000000E+00
              0.00000000000000000000E+00                0.00000000000000000000E+00                0.00000000000000000000E+00                0.00000000000000000000E+00                0.00000000000000000000E+00                0.11519602999999999787E-01
              0.20999967212398085594E+10                0.00000000000000000000E+00                0.00000000000000000000E+00                0.00000000000000000000E+00
              0.00000000000000000000E+00                0.70692000000000000000E+05                0.00000000000000000000E+00                0.00000000000000000000E+00
              0.00000000000000000000E+00                0.00000000000000000000E+00                0.63092000000000000000E+05                0.00000000000000000000E+00
              0.00000000000000000000E+00                0.00000000000000000000E+00                0.00000000000000000000E+00                0.32119900000000000000E+06
          26
           0
  0.737000000000000     
  3.059210756701171E-003
 -0.174532925199433     
              0.62502559059999995839E+01                0.00000000000000000000E+00                0.00000000000000000000E+00                0.00000000000000000000E+00                0.00000000000000000000E+00                0.00000000000000000000E+00
              0.00000000000000000000E+00                0.62502559059999995839E+01                0.00000000000000000000E+00                0.00000000000000000000E+00                0.00000000000000000000E+00                0.00000000000000000000E+00
              0.00000000000000000000E+00                0.00000000000000000000E+00                0.62502559059999995839E+01                0.00000000000000000000E+00                0.00000000000000000000E+00                0.00000000000000000000E+00
              0.00000000000000000000E+00                0.00000000000000000000E+00                0.00000000000000000000E+00                0.11071796000000000068E-01                0.00000000000000000000E+00                0.00000000000000000000E+00
              0.00000000000000000000E+00                0.00000000000000000000E+00                0.00000000000000000000E+00                0.00000000000000000000E+00                0.33769499999999999821E-03                0.00000000000000000000E+00
              0.00000000000000000000E+00                0.00000000000000000000E+00                0.00000000000000000000E+00                0.00000000000000000000E+00                0.00000000000000000000E+00                0.10734100999999999365E-01
              0.20999967212398085594E+10                0.00000000000000000000E+00                0.00000000000000000000E+00                0.00000000000000000000E+00
              0.00000000000000000000E+00                0.41583000000000000000E+05                0.00000000000000000000E+00                0.00000000000000000000E+00
              0.00000000000000000000E+00                0.00000000000000000000E+00                0.63092000000000000000E+05                0.00000000000000000000E+00
              0.00000000000000000000E+00                0.00000000000000000000E+00                0.00000000000000000000E+00                0.32119900000000000000E+06
          27
           0
  0.748000000000000     
  5.976781412351843E-004
 -0.174532925199433     
              0.66074133860000001661E+01                0.00000000000000000000E+00                0.00000000000000000000E+00                0.00000000000000000000E+00                0.00000000000000000000E+00                0.00000000000000000000E+00
              0.00000000000000000000E+00                0.66074133860000001661E+01                0.00000000000000000000E+00                0.00000000000000000000E+00                0.00000000000000000000E+00                0.00000000000000000000E+00
              0.00000000000000000000E+00                0.00000000000000000000E+00                0.66074133860000001661E+01                0.00000000000000000000E+00                0.00000000000000000000E+00                0.00000000000000000000E+00
              0.00000000000000000000E+00                0.00000000000000000000E+00                0.00000000000000000000E+00                0.10856212999999999974E-01                0.00000000000000000000E+00                0.00000000000000000000E+00
              0.00000000000000000000E+00                0.00000000000000000000E+00                0.00000000000000000000E+00                0.00000000000000000000E+00                0.31859999999999999215E-03                0.00000000000000000000E+00
              0.00000000000000000000E+00                0.00000000000000000000E+00                0.00000000000000000000E+00                0.00000000000000000000E+00                0.00000000000000000000E+00                0.10537612999999999494E-01
              0.20999967212398085594E+10                0.00000000000000000000E+00                0.00000000000000000000E+00                0.00000000000000000000E+00
              0.00000000000000000000E+00                0.41583000000000000000E+05                0.00000000000000000000E+00                0.00000000000000000000E+00
              0.00000000000000000000E+00                0.00000000000000000000E+00                0.63092000000000000000E+05                0.00000000000000000000E+00
              0.00000000000000000000E+00                0.00000000000000000000E+00                0.00000000000000000000E+00                0.32119900000000000000E+06
          28
           0
  0.790000000000000     
 -9.229795239617131E-003
 -0.174532925199433     
              0.66074133860000001661E+01                0.00000000000000000000E+00                0.00000000000000000000E+00                0.00000000000000000000E+00                0.00000000000000000000E+00                0.00000000000000000000E+00
              0.00000000000000000000E+00                0.66074133860000001661E+01                0.00000000000000000000E+00                0.00000000000000000000E+00                0.00000000000000000000E+00                0.00000000000000000000E+00
              0.00000000000000000000E+00                0.00000000000000000000E+00                0.66074133860000001661E+01                0.00000000000000000000E+00                0.00000000000000000000E+00                0.00000000000000000000E+00
              0.00000000000000000000E+00                0.00000000000000000000E+00                0.00000000000000000000E+00                0.10054884999999999518E-01                0.00000000000000000000E+00                0.00000000000000000000E+00
              0.00000000000000000000E+00                0.00000000000000000000E+00                0.00000000000000000000E+00                0.00000000000000000000E+00                0.25080200000000000193E-03                0.00000000000000000000E+00
              0.00000000000000000000E+00                0.00000000000000000000E+00                0.00000000000000000000E+00                0.00000000000000000000E+00                0.00000000000000000000E+00                0.98040829999999998950E-02
              0.20999940947206802368E+10                0.00000000000000000000E+00                0.00000000000000000000E+00                0.00000000000000000000E+00
              0.00000000000000000000E+00                0.41583000000000000000E+05                0.00000000000000000000E+00                0.00000000000000000000E+00
              0.00000000000000000000E+00                0.00000000000000000000E+00                0.34414000000000000000E+05                0.00000000000000000000E+00
              0.00000000000000000000E+00                0.00000000000000000000E+00                0.00000000000000000000E+00                0.32119900000000000000E+06
          29
           0
  0.810000000000000     
 -1.415713369978310E-002
 -0.174532925199433     
              0.66074133860000001661E+01                0.00000000000000000000E+00                0.00000000000000000000E+00                0.00000000000000000000E+00                0.00000000000000000000E+00                0.00000000000000000000E+00
              0.00000000000000000000E+00                0.66074133860000001661E+01                0.00000000000000000000E+00                0.00000000000000000000E+00                0.00000000000000000000E+00                0.00000000000000000000E+00
              0.00000000000000000000E+00                0.00000000000000000000E+00                0.66074133860000001661E+01                0.00000000000000000000E+00                0.00000000000000000000E+00                0.00000000000000000000E+00
              0.00000000000000000000E+00                0.00000000000000000000E+00                0.00000000000000000000E+00                0.96854469999999998064E-02                0.00000000000000000000E+00                0.00000000000000000000E+00
              0.00000000000000000000E+00                0.00000000000000000000E+00                0.00000000000000000000E+00                0.00000000000000000000E+00                0.22136399999999999003E-03                0.00000000000000000000E+00
              0.00000000000000000000E+00                0.00000000000000000000E+00                0.00000000000000000000E+00                0.00000000000000000000E+00                0.00000000000000000000E+00                0.94640829999999998706E-02
              0.20999940947206802368E+10                0.00000000000000000000E+00                0.00000000000000000000E+00                0.00000000000000000000E+00
              0.00000000000000000000E+00                0.21078000000000000000E+05                0.00000000000000000000E+00                0.00000000000000000000E+00
              0.00000000000000000000E+00                0.00000000000000000000E+00                0.34414000000000000000E+05                0.00000000000000000000E+00
              0.00000000000000000000E+00                0.00000000000000000000E+00                0.00000000000000000000E+00                0.32119900000000000000E+06
          30
           0
  0.864000000000000     
 -2.830323358511473E-002
 -0.174532925199433     
              0.66074133860000001661E+01                0.00000000000000000000E+00                0.00000000000000000000E+00                0.00000000000000000000E+00                0.00000000000000000000E+00                0.00000000000000000000E+00
              0.00000000000000000000E+00                0.66074133860000001661E+01                0.00000000000000000000E+00                0.00000000000000000000E+00                0.00000000000000000000E+00                0.00000000000000000000E+00
              0.00000000000000000000E+00                0.00000000000000000000E+00                0.66074133860000001661E+01                0.00000000000000000000E+00                0.00000000000000000000E+00                0.00000000000000000000E+00
              0.00000000000000000000E+00                0.00000000000000000000E+00                0.00000000000000000000E+00                0.87271129999999998844E-02                0.00000000000000000000E+00                0.00000000000000000000E+00
              0.00000000000000000000E+00                0.00000000000000000000E+00                0.00000000000000000000E+00                0.00000000000000000000E+00                0.15106000000000000720E-03                0.00000000000000000000E+00
              0.00000000000000000000E+00                0.00000000000000000000E+00                0.00000000000000000000E+00                0.00000000000000000000E+00                0.00000000000000000000E+00                0.85760530000000001483E-02
              0.20999940947206802368E+10                0.00000000000000000000E+00                0.00000000000000000000E+00                0.00000000000000000000E+00
              0.00000000000000000000E+00                0.11614000000000000000E+05                0.00000000000000000000E+00                0.00000000000000000000E+00
              0.00000000000000000000E+00                0.00000000000000000000E+00                0.34414000000000000000E+05                0.00000000000000000000E+00
              0.00000000000000000000E+00                0.00000000000000000000E+00                0.00000000000000000000E+00                0.32119900000000000000E+06
          31
           0
  0.926000000000000     
 -4.615470747537677E-002
 -0.174532925199433     
              0.66074133860000001661E+01                0.00000000000000000000E+00                0.00000000000000000000E+00                0.00000000000000000000E+00                0.00000000000000000000E+00                0.00000000000000000000E+00
              0.00000000000000000000E+00                0.66074133860000001661E+01                0.00000000000000000000E+00                0.00000000000000000000E+00                0.00000000000000000000E+00                0.00000000000000000000E+00
              0.00000000000000000000E+00                0.00000000000000000000E+00                0.66074133860000001661E+01                0.00000000000000000000E+00                0.00000000000000000000E+00                0.00000000000000000000E+00
              0.00000000000000000000E+00                0.00000000000000000000E+00                0.00000000000000000000E+00                0.76972576999999996888E-02                0.00000000000000000000E+00                0.00000000000000000000E+00
              0.00000000000000000000E+00                0.00000000000000000000E+00                0.00000000000000000000E+00                0.00000000000000000000E+00                0.86854700000000000393E-04                0.00000000000000000000E+00
              0.00000000000000000000E+00                0.00000000000000000000E+00                0.00000000000000000000E+00                0.00000000000000000000E+00                0.00000000000000000000E+00                0.76104029999999999595E-02
              0.21000082379108657837E+10                0.00000000000000000000E+00                0.00000000000000000000E+00                0.00000000000000000000E+00
              0.00000000000000000000E+00                0.11614000000000000000E+05                0.00000000000000000000E+00                0.00000000000000000000E+00
              0.00000000000000000000E+00                0.00000000000000000000E+00                0.34414000000000000000E+05                0.00000000000000000000E+00
              0.00000000000000000000E+00                0.00000000000000000000E+00                0.00000000000000000000E+00                0.19501400000000000000E+06
          32
           0
  0.939000000000000     
 -5.012802514265836E-002
 -0.174532925199433     
              0.66074133860000001661E+01                0.00000000000000000000E+00                0.00000000000000000000E+00                0.00000000000000000000E+00                0.00000000000000000000E+00                0.00000000000000000000E+00
              0.00000000000000000000E+00                0.66074133860000001661E+01                0.00000000000000000000E+00                0.00000000000000000000E+00                0.00000000000000000000E+00                0.00000000000000000000E+00
              0.00000000000000000000E+00                0.00000000000000000000E+00                0.66074133860000001661E+01                0.00000000000000000000E+00                0.00000000000000000000E+00                0.00000000000000000000E+00
              0.00000000000000000000E+00                0.00000000000000000000E+00                0.00000000000000000000E+00                0.74908723000000005179E-02                0.00000000000000000000E+00                0.00000000000000000000E+00
              0.00000000000000000000E+00                0.00000000000000000000E+00                0.00000000000000000000E+00                0.00000000000000000000E+00                0.75631300000000002107E-04                0.00000000000000000000E+00
              0.00000000000000000000E+00                0.00000000000000000000E+00                0.00000000000000000000E+00                0.00000000000000000000E+00                0.00000000000000000000E+00                0.74152410000000003668E-02
              0.21000082379108657837E+10                0.00000000000000000000E+00                0.00000000000000000000E+00                0.00000000000000000000E+00
              0.00000000000000000000E+00                0.87460000000000000000E+04                0.00000000000000000000E+00                0.00000000000000000000E+00
              0.00000000000000000000E+00                0.00000000000000000000E+00                0.34414000000000000000E+05                0.00000000000000000000E+00
              0.00000000000000000000E+00                0.00000000000000000000E+00                0.00000000000000000000E+00                0.19501400000000000000E+06
          33
           0
  0.944000000000000     
 -5.167816944220002E-002
 -0.174532925199433     
              0.18215031499999998488E+02                0.00000000000000000000E+00                0.00000000000000000000E+00                0.00000000000000000000E+00                0.00000000000000000000E+00                0.00000000000000000000E+00
              0.00000000000000000000E+00                0.18215031499999998488E+02                0.00000000000000000000E+00                0.00000000000000000000E+00                0.00000000000000000000E+00                0.00000000000000000000E+00
              0.00000000000000000000E+00                0.00000000000000000000E+00                0.18215031499999998488E+02                0.00000000000000000000E+00                0.00000000000000000000E+00                0.00000000000000000000E+00
              0.00000000000000000000E+00                0.00000000000000000000E+00                0.00000000000000000000E+00                0.74123742999999998882E-02                0.00000000000000000000E+00                0.00000000000000000000E+00
              0.00000000000000000000E+00                0.00000000000000000000E+00                0.00000000000000000000E+00                0.00000000000000000000E+00                0.71521300000000002494E-04                0.00000000000000000000E+00
              0.00000000000000000000E+00                0.00000000000000000000E+00                0.00000000000000000000E+00                0.00000000000000000000E+00                0.00000000000000000000E+00                0.73408529999999996146E-02
              0.21000082379108657837E+10                0.00000000000000000000E+00                0.00000000000000000000E+00                0.00000000000000000000E+00
              0.00000000000000000000E+00                0.87460000000000000000E+04                0.00000000000000000000E+00                0.00000000000000000000E+00
              0.00000000000000000000E+00                0.00000000000000000000E+00                0.34414000000000000000E+05                0.00000000000000000000E+00
              0.00000000000000000000E+00                0.00000000000000000000E+00                0.00000000000000000000E+00                0.19501400000000000000E+06
          34
           0
  0.973000000000000     
 -6.091386801366591E-002
 -0.174532925199433     
              0.18215031499999998488E+02                0.00000000000000000000E+00                0.00000000000000000000E+00                0.00000000000000000000E+00                0.00000000000000000000E+00                0.00000000000000000000E+00
              0.00000000000000000000E+00                0.18215031499999998488E+02                0.00000000000000000000E+00                0.00000000000000000000E+00                0.00000000000000000000E+00                0.00000000000000000000E+00
              0.00000000000000000000E+00                0.00000000000000000000E+00                0.18215031499999998488E+02                0.00000000000000000000E+00                0.00000000000000000000E+00                0.00000000000000000000E+00
              0.00000000000000000000E+00                0.00000000000000000000E+00                0.00000000000000000000E+00                0.69667484000000001743E-02                0.00000000000000000000E+00                0.00000000000000000000E+00
              0.00000000000000000000E+00                0.00000000000000000000E+00                0.00000000000000000000E+00                0.00000000000000000000E+00                0.49947400000000002256E-04                0.00000000000000000000E+00
              0.00000000000000000000E+00                0.00000000000000000000E+00                0.00000000000000000000E+00                0.00000000000000000000E+00                0.00000000000000000000E+00                0.69168010000000001991E-02
              0.21000082379108657837E+10                0.00000000000000000000E+00                0.00000000000000000000E+00                0.00000000000000000000E+00
              0.00000000000000000000E+00                0.87460000000000000000E+04                0.00000000000000000000E+00                0.00000000000000000000E+00
              0.00000000000000000000E+00                0.00000000000000000000E+00                0.34414000000000000000E+05                0.00000000000000000000E+00
              0.00000000000000000000E+00                0.00000000000000000000E+00                0.00000000000000000000E+00                0.19501400000000000000E+06
          35
           0
  0.979000000000000     
 -6.287765803373728E-002
 -0.174532925199433     
              0.22143763780000000452E+02                0.00000000000000000000E+00                0.00000000000000000000E+00                0.00000000000000000000E+00                0.00000000000000000000E+00                0.00000000000000000000E+00
              0.00000000000000000000E+00                0.22143763780000000452E+02                0.00000000000000000000E+00                0.00000000000000000000E+00                0.00000000000000000000E+00                0.00000000000000000000E+00
              0.00000000000000000000E+00                0.00000000000000000000E+00                0.22143763780000000452E+02                0.00000000000000000000E+00                0.00000000000000000000E+00                0.00000000000000000000E+00
              0.00000000000000000000E+00                0.00000000000000000000E+00                0.00000000000000000000E+00                0.68766069999999998585E-02                0.00000000000000000000E+00                0.00000000000000000000E+00
              0.00000000000000000000E+00                0.00000000000000000000E+00                0.00000000000000000000E+00                0.00000000000000000000E+00                0.45966000000000000023E-04                0.00000000000000000000E+00
              0.00000000000000000000E+00                0.00000000000000000000E+00                0.00000000000000000000E+00                0.00000000000000000000E+00                0.00000000000000000000E+00                0.68306410000000001431E-02
              0.21000082379108657837E+10                0.00000000000000000000E+00                0.00000000000000000000E+00                0.00000000000000000000E+00
              0.00000000000000000000E+00                0.87460000000000000000E+04                0.00000000000000000000E+00                0.00000000000000000000E+00
              0.00000000000000000000E+00                0.00000000000000000000E+00                0.34414000000000000000E+05                0.00000000000000000000E+00
              0.00000000000000000000E+00                0.00000000000000000000E+00                0.00000000000000000000E+00                0.19501400000000000000E+06
          36
           0
   1.00000000000000     
 -6.989694588386891E-002
 -0.174532925199433     
              0.22143763780000000452E+02                0.00000000000000000000E+00                0.00000000000000000000E+00                0.00000000000000000000E+00                0.00000000000000000000E+00                0.00000000000000000000E+00
              0.00000000000000000000E+00                0.22143763780000000452E+02                0.00000000000000000000E+00                0.00000000000000000000E+00                0.00000000000000000000E+00                0.00000000000000000000E+00
              0.00000000000000000000E+00                0.00000000000000000000E+00                0.22143763780000000452E+02                0.00000000000000000000E+00                0.00000000000000000000E+00                0.00000000000000000000E+00
              0.00000000000000000000E+00                0.00000000000000000000E+00                0.00000000000000000000E+00                0.65666662999999993178E-02                0.00000000000000000000E+00                0.00000000000000000000E+00
              0.00000000000000000000E+00                0.00000000000000000000E+00                0.00000000000000000000E+00                0.00000000000000000000E+00                0.33333300000000001524E-04                0.00000000000000000000E+00
              0.00000000000000000000E+00                0.00000000000000000000E+00                0.00000000000000000000E+00                0.00000000000000000000E+00                0.00000000000000000000E+00                0.65333329999999996754E-02
              0.21000082379108657837E+10                0.00000000000000000000E+00                0.00000000000000000000E+00                0.00000000000000000000E+00
              0.00000000000000000000E+00                0.87460000000000000000E+04                0.00000000000000000000E+00                0.00000000000000000000E+00
              0.00000000000000000000E+00                0.00000000000000000000E+00                0.34414000000000000000E+05                0.00000000000000000000E+00
              0.00000000000000000000E+00                0.00000000000000000000E+00                0.00000000000000000000E+00                0.19501400000000000000E+06
